 99 99 99 99 4 99 2 3 9
 99 99 99 99 99 8 99 5 99
 99 99 99 99 99 9 99 99 4
 99 99 6 8 99 99 5 99 3
 99 8 4 99 1 99 9 7 99
 9 99 3 99 99 6 4 99 99
 5 99 99 9 99 99 99 99 99
 99 2 99 3 99 99 99 99 99
 3 1 7 99 8 99 99 99 99

 99 99 99 99 4 99 2 3 9
 99 99 99 99 99 8 99 5 99
 99 99 99 99 99 9 99 99 4
 99 99 6 8 99 99 5 99 3
 99 8 4 99 1 99 9 7 99
 9 99 3 99 99 6 4 99 99
 5 99 99 9 99 99 99 99 99
 99 2 99 3 99 99 99 99 99
 3 1 7 99 8 99 99 99 99

 8 6 1 7 4 5 2 3 9
 4 9 2 6 3 8 1 5 7
 7 3 5 1 2 9 8 6 4
 1 7 6 8 9 4 5 2 3
 2 8 4 5 1 3 9 7 6
 9 5 3 2 7 6 4 8 1
 5 4 8 9 6 7 3 1 2
 6 2 9 3 5 1 7 4 8
 3 1 7 4 8 2 6 9 5

4